<?xml version="1.0"?>
<opencv_storage>
<camMat type_id="opencv-matrix">
  <rows>3</rows>
  <cols>3</cols>
  <dt>d</dt>
  <data>
    9.3507762774108801e+02 0. 6.1814809136917950e+02 0.
    9.3728936302500654e+02 3.4118815346634926e+02 0. 0. 1.</data></camMat>
<distortMat type_id="opencv-matrix">
  <rows>5</rows>
  <cols>1</cols>
  <dt>d</dt>
  <data>
    -1.1572133704285478e-01 -1.0758463547261821e+00
    1.9066901316281325e-02 -3.5835549111555747e-03
    1.1381016632509324e+00</data></distortMat>
</opencv_storage>
